494.000000
494.000000
7744.000000
7744.000000
7744.000000
7744.000000
7744.000000
7744.000000
7744.000000
9801.000000
9801.000000
9801.000000
273.000000
273.000000
494.000000
5.000000
270.000000
Inf
5.000000
1183.000000
1183.000000
1183.000000
0.666667
494.000000
143.000000
5.000000
143.000000
5.000000
0.857143
143.000000
494.000000
3.000000
0.855670
7744.000000
9801.000000
1183.000000
6.000000
11.000000
12.000000
0.000000
0.000000
2.250000
12.000000
11.000000
6.000000
15.000000
18.000000
7.000000
1.000000
